737791	2.5801896	0.93809872	-0.78910648	95.853717	1006.817	0.62442361	0.08
737792	1.5347898	1	0.066673611	94.123028	1003.416	1.53225	0.64
737793	0.5673774	1	5.3927014	94.128646	998.64153	2.9180208	8
737794	1.3824198	1	3.5687986	94.516229	1005.4302	0.87711111	2
737795	1.2996816	1	2.6931806	95.068757	1009.477	0.23307639	0
737796	1.6960476	1	-0.87883333	97.450104	1003.0049	0.69731944	0.08
737797	1.1658762	1	2.5499028	96.506868	1003.0088	0	0.96
737798	0.8451396	1	5.2361181	96.866993	1002.3067	0.39274306	0.56
737799	1.251831	1	8.8443889	96.399743	994.41971	1.8475	2.4
737800	0.9091014	1	6.9529167	95.300562	995.35926	1.376375	6.42
737801	2.1021294	1	2.7068333	91.736931	1006.8792	0.60807639	0.08
737802	1.3101288	1	1.7353056	90.846417	1001.9359	2.1737292	0
737803	0.7493886	1	4.7449167	95.131181	996.28051	0.53759722	0.16
737804	2.2020066	1	4.4714167	91.182215	989.76955	0.34013194	0.08
737805	2.936157	0.93495924	6.0777639	88.165125	993.26119	1.4532639	0
737806	2.6980656	0.96659784	5.8759097	93.355479	1000.8081	0.3410625	0
737807	1.278222	1	3.3993958	95.328097	995.09665	0.86628472	0.32
737808	1.519335	1	2.9376736	90.745799	1000.9708	1.3500278	0.49
737809	1.9092294	1	0.54088194	92.692771	1010.0554	0.99109028	1.28
737810	3.6185976	0.88548479	1.3238264	88.356167	1018.4084	3.9335556	0.08
737811	0.543024	1	-2.630734	94.938394	1014.7828	1.024877	0
737812	1.3810056	1	-3.059875	93.805347	1009.5731	1.7334375	0
737813	1.0672764	1	0.11147917	89.498618	1005.0264	2.6172222	0
737814	3.229008	0.95128939	-0.12686111	89.375472	998.80935	2.1048125	0
737815	2.9446932	0.98409465	-0.41024306	94.485319	996.54596	1.2273958	0
737816	3.2805204	0.95482941	0.043486111	95.764139	993.77752	1.5432431	0
737817	1.342278	1	3.8915833	95.075035	986.62069	2.7408681	20.72
737818	1.7825556	1	4.0751806	91.303229	976.38433	4.5152014	29.58
737819	1.9290402	1	2.4313125	93.423201	985.61142	1.1577778	9.16
737820	3.1750992	0.97894851	6.2187847	88.569799	988.22769	3.3640139	7.61
737821	2.3957034	1	11.196604	94.298403	987.48904	2.7889931	6.8
737822	0.7745412	1	11.141278	89.829264	984.99238	5.5112778	20.32
737823	1.1274618	1	10.243194	94.621125	987.4404	3.1554306	18.09
737824	2.0715144	1	9.0980903	93.477201	989.4242	0.7121875	20.26
737825	3.6127224	0.97394029	4.6542569	88.749375	989.43924	3.1502014	20.1
737826	4.7883078	0.88132098	1.8924236	87.278986	1007.1588	1.2408889	0.08
737827	4.9291074	0.87802245	-0.43332639	91.162354	1006.5021	0.96119444	0.08
737828	5.1513684	0.86651857	-0.89567361	89.991958	1001.6823	1.1437361	0.08
737829	3.997638	0.96650939	1.0893958	90.092833	998.43166	0.76886111	0.08
737830	3.8622978	0.97808626	7.83125	75.399181	990.09752	8.4437569	0
737831	3.5261628	1	8.6451111	78.813042	978.64109	6.9769514	44.08
737832	3.561936	1	4.9418125	77.794778	985.08608	3.7451319	2.52
737833	2.4522786	1	3.3491944	85.603264	992.98642	3.5594931	8.48
737834	1.5778752	1	2.0619861	95.658069	985.02891	1.2844514	20.82
737835	2.9609724	1	5.9671111	90.417333	994.76522	1.2865556	2.16
737836	5.1729054	0.91395408	3.8964861	90.136062	997.27599	2.1010694	0
737837	5.1535116	0.91700959	12.317979	63.824965	988.85156	8.0097222	0
737838	1.768956	1	8.3322639	86.88116	992.80031	4.2594097	17.42
737839	2.6104974	1	6.2897847	77.695632	1000.195	5.1708056	1.7
737840	5.0518476	0.94666567	4.1652431	86.752174	996.40105	4.0719514	12.52
737841	3.3239556	1	6.3123819	81.854382	995.02413	5.0352361	6.12
737842	6.2739858	0.87652203	3.9975903	83.181479	1002.5323	2.299875	1.49
737843	6.506127	0.86673112	6.2199167	74.243215	1001.3566	5.5986875	3.35
737844	0.9152268	1	10.318375	85.193382	995.9589	7.0417431	11.16
737845	2.0467614	1	8.4623264	91.282014	993.49256	3.390125	8.34
737846	2.4197636	1	7.3003661	87.943037	979.26115	5.6039722	15.99
737847	4.4580438	1	3.3022569	83.239778	977.4456	3.5531667	8.28
737848	1.7288892	1	2.0912014	88.687812	977.47399	4.4443125	15.35
737849	7.5393768	0.84359615	3.1925	82.780583	991.08352	2.5229861	12.84
737850	4.3847712	1	6.9153819	87.817451	976.12608	3.2718611	13.57
737851	5.9307294	0.94880233	7.5991042	78.759729	973.29678	7.0192604	9.38
737852	3.2195394	1	4.8332361	90.707194	968.52485	2.0464236	11.6
737853	3.7187317	1	3.7150517	87.389613	979.09444	2.4823287	2.08
737854	3.534945	1	2.7087153	91.087778	987.27264	1.9883264	1.36
737855	1.2886908	1	4.776	96.09141	972.48844	2.3595417	23.37
737856	2.4282384	1	5.2726806	91.96841	972.27755	4.7426875	16.72
737857	4.748481	1	3.9725	88.905812	992.89756	1.9209653	1.28
737858	6.4995252	0.95831621	6.0264167	84.697514	992.14174	3.181375	1.24
737859	7.4485998	0.9142444	6.1702569	89.636639	989.77646	1.2206319	6.2
737860	1.9727508	1	7.0039722	91.718194	988.12803	7.8806875	18.27
737861	2.5754688	1	12.54884	84.533722	990.53424	4.9115556	5.76
737862	4.3138272	1	10.786444	81.901056	989.13002	4.4239306	3.77
737863	6.835995	0.96613049	5.4282083	81.115639	994.82778	2.8090764	0.4
737864	6.8798238	0.9691427	3.9128056	85.113007	996.45488	3.246875	0
737865	11.017441	0.7690231	4.9701458	79.524889	992.7261	3.8718264	0
737866	11.096656	0.76717436	8.7888333	74.616257	994.83799	4.3284444	0
737867	6.3088224	0.99986403	10.313243	81.72984	1003.8213	2.8214375	0
737868	7.0068018	0.97462891	9.2728611	82.265681	1002.9009	3.4516319	0
737869	12.029911	0.73400566	10.376375	78.941069	998.93034	3.5662986	0
737870	8.935545	0.89774082	11.133431	73.452951	995.88045	5.4217639	0
737871	2.8564752	1	4.5964653	86.22159	997.28703	5.9411319	23.55
737872	13.425235	0.70641856	4.2733403	52.620125	1001.8241	7.4338403	0
737873	13.595413	0.71129758	2.9113542	43.088146	1006.2822	6.9452014	0
737874	13.531726	0.72180457	2.7004028	48.266229	1004.7082	5.5105903	0
737875	13.593931	0.72869504	4.4349306	37.88175	998.60563	6.9301111	0
737876	13.344752	0.74356719	4.070125	55.190674	993.3436	5.9068194	0
737877	13.286168	0.74683003	6.0907292	67.563438	991.13741	6.4149931	0
737878	13.504368	0.73873041	9.0244167	66.16641	992.65826	5.4186528	0
737879	4.5160518	1	5.5636219	63.466649	997.13642	7.6088634	0
737880	15.594791	0.66494278	2.2916458	52.816431	1001.6342	6.9743681	0
737881	9.8612178	0.92142305	2.3069583	64.844715	1000.9996	5.0651319	0
737882	15.712658	0.67310935	2.0755208	62.544118	995.75458	4.3547917	0
737883	15.711826	0.67871005	4.1969792	60.872542	988.45996	4.7286042	0
737884	8.4684204	0.97908172	5.0154653	73.877056	991.73897	3.4086319	0
737885	16.251985	0.66083411	5.8047153	70.059493	998.0146	4.3408194	0
737886	16.727244	0.64132911	8.6294028	63.933569	997.18507	4.6709375	0
737887	16.2559	0.6699731	10.591757	62.034493	997.25625	4.6811667	0
737888	16.118576	0.68920724	12.218085	60.908876	1002.8816	4.6259216	0
737889	16.401892	0.6813782	12.174243	64.326299	999.97094	5.0735	0
737890	11.276924	0.89771344	12.88	63.428403	998.18132	4.0561667	0
737891	13.518437	0.81553067	13.250604	66.713826	998.51188	4.0863125	0
737892	17.329459	0.65777969	12.655618	65.765014	997.86867	4.3770694	0
737893	9.4482492	0.96892775	12.439236	71.430562	991.9766	3.4590694	1.12
737894	9.9127434	0.95850631	9.0527431	80.238861	991.24882	4.590125	0.08
737895	16.375659	0.73922413	3.8099097	65.833264	999.15285	4.7354861	0
737896	17.716566	0.68670352	6.7165278	58.532097	998.30411	4.1737014	0
737897	14.60635	0.80750595	11.538188	63.084861	992.88192	3.6105833	0
737898	17.079205	0.70372887	14.923889	66.170056	990.26395	3.4499722	0
737899	14.673965	0.80294617	15.71759	68.185111	990.02099	3.0899236	0
737900	10.414844	0.9545062	13.411979	75.512028	990.37315	3.8226319	0
737901	18.6979	0.66790804	14.172688	46.525	989.37801	7.1921806	0
737902	17.030076	0.74721121	15.532819	35.21195	988.62389	6.8586681	0
737903	19.587316	0.64204765	14.056244	45.845819	991.59583	5.1769539	0
737904	19.530179	0.64672607	12.150336	58.375331	993.5003	3.5133139	0
737905	18.556588	0.68978706	13.144701	61.579354	987.98934	3.7341597	0
737906	19.892458	0.56749548	10.393694	180.10158	986.41403	4.5286211	0
737907	19.684504	0.6574415	10.523772	66.788542	985.19678	3.9953447	0
737908	19.854479	0.65223161	12.700692	63.285633	984.08992	3.9144062	0
737909	8.958546	1	12.179021	85.7195	981.5212	2.2216875	3.92
737910	15.563279	0.81596592	12.310285	82.068986	983.31581	3.1473264	0.64
737911	6.960998	1	10.704364	93.006076	980.41455	2.9167741	22.88
737912	8.1038491	1	9.6870594	93.062959	979.79264	2.8076526	11.91
737913	14.01775	0.88143031	8.8655069	82.558528	986.09674	2.5129792	0
737914	14.670178	0.86391681	10.074556	75.795674	993.00299	2.2792986	0
737915	9.0213561	1	12.338866	80.080446	991.69601	3.001774	0
737916	17.144778	0.79257625	9.6030685	69.971676	993.402	4.3774221	0
737917	21.862759	0.62635162	8.4952031	63.660996	998.24962	4.7915569	0
737918	22.04517	0.61616003	10.663743	66.252486	997.96289	3.9016806	0
737919	19.485065	0.70945131	14.990396	66.814424	992.21299	2.8883681	0
737920	5.5385478	1	14.191389	81.753701	987.35938	1.3669097	0
737921	16.377362	0.81311092	16.724465	77.516951	980.73462	2.8319583	0
737922	2.7172272	1	7.1640278	92.290549	981.29812	6.0890417	47.14
737923	22.395777	0.63095255	6.3200069	74.968382	991.81923	3.0750139	0
737924	9.8388594	1	8.8265208	74.873972	986.21286	2.6690625	0
737925	14.31496	0.90299036	10.729444	66.893625	989.72529	5.5885694	0
737926	16.236531	0.84960989	11.473299	63.939653	992.80651	4.8180833	0
737927	23.745837	0.58869973	10.982271	69.264507	996.38376	4.0222986	0
737928	19.332337	0.75340009	12.103431	70.389736	997.68153	4.5413611	0
737929	22.40046	0.64127248	13.793514	70.125125	998.31574	3.0762986	0
737930	18.197407	0.78737019	15.786	68.82409	996.17926	2.7465694	0
737931	12.56885	0.94906936	16.071493	76.710569	995.68922	1.9096319	0
737932	21.687053	0.66080984	16.585403	79.097306	996.27765	2.3735694	0
737933	10.891526	0.99027154	18.037104	82.624306	995.52016	1.4740764	0
737934	5.0382162	1	12.983979	86.772785	1000.0115	1.6943542	4.74
737935	19.255419	0.76712185	12.606771	77.808688	1005.3512	2.0660069	0.08
737936	11.171897	0.99328203	13.192347	80.140778	1007.214	2.2887639	0
737937	20.637434	0.72746902	13.0555	72.175715	1008.2884	3.3008889	0
737938	23.657486	0.6192618	13.898292	69.622417	1007.0947	2.9735486	0
737939	23.179834	0.64262594	15.055361	61.622785	1003.6158	4.75	0
737940	19.556684	0.77207086	13.138111	63.623438	1000.2167	4.0991944	0
737941	23.890701	0.62447443	14.435424	58.556382	996.44874	4.5679722	0
737942	22.226339	0.68637672	13.218042	64.868486	995.45631	4.0897708	0
737943	24.217908	0.60245915	16.604951	64.747882	994.84446	3.9308125	0
737944	23.951057	0.60930959	17.151799	68.283604	991.07853	2.7038889	0
737945	17.142007	0.83617234	17.698667	72.029236	980.43734	1.6138611	0.16
737946	7.5223782	1	14.443215	92.117194	972.44303	1.0753403	26
737947	6.0330696	1	11.016056	91.032299	974.83392	3.0142708	12.73
737948	14.245987	0.92211925	12.878438	87.584681	978.76479	2.8591597	8.4
737949	15.294231	0.89582622	14.145604	77.874299	984.04481	2.0170069	0
737950	13.423511	0.94553581	13.101625	82.074188	988.29222	1.5485139	0
737951	9.2950266	1	13.623632	83.581125	989.99373	2.024125	0
737952	5.6403631	1	13.720172	88.824575	988.62289	2.4097054	0
737953	6.8366136	1	14.118146	86.790014	985.05998	1.8733819	0
737954	22.305025	0.67495114	17.321014	77.213715	981.8237	2.6192292	0
737955	12.837239	0.95514291	18.38459	77.054938	986.26956	1.711125	0
737956	2.602215	1	15.703597	93.978792	990.12881	0.34102083	14.63
737957	10.60061	1	16.742604	90.393243	992.43724	0.92427083	1.39
737958	10.875927	1	16.636472	92.763431	990.92124	0.77892361	9.79
737959	13.057939	0.94964356	16.512146	88.165069	986.82593	2.2993681	15.09
737960	21.028087	0.72260606	15.965236	82.424285	988.49105	2.0630556	0
737961	16.248533	0.86819626	16.027174	81.351444	992.24108	1.5988819	0
737962	13.876365	0.93107185	16.407292	81.468069	995.73725	1.8782917	0
737963	20.746936	0.73120628	17.138785	77.316111	996.04882	1.8231597	0
737964	21.83302	0.68940282	18.405861	76.822743	998.92272	2.4200694	0
737965	26.960328	0.48370455	18.387351	70.841972	999.17768	3.2557101	0
737966	24.585071	0.59203724	19.100222	66.130194	996.64875	4.0443889	0
737967	23.363651	0.6327916	19.103938	72.340667	993.4192	4.2544444	0
737968	19.393038	0.7630043	18.947514	82.890556	988.72835	2.50525	10.04
737969	17.879357	0.80458732	20.165806	84.629521	988.28135	2.3688472	2.77
737970	11.413333	0.98843324	17.798451	85.040938	990.58614	2.0083403	1.44
737971	17.810867	0.81836683	16.864625	80.719333	989.41735	2.7229931	0
737972	13.237193	0.94794429	14.937597	79.943771	988.60967	2.6326458	0
737973	22.19282	0.66537135	18.877479	79.257556	985.54926	2.9055139	0
737974	16.97338	0.83717494	19.141569	76.300049	987.96367	2.5507569	0
737975	17.83748	0.81898911	16.288806	75.227889	993.67994	2.1514028	0
737976	23.21896	0.63623998	17.704924	70.584583	994.26287	3.0994861	0
737977	12.821907	0.9467579	21.581028	72.627944	991.37614	4.2541181	0
737978	18.27185	0.80373573	16.455889	73.023958	992.58192	3.2172361	1.06
737979	18.096902	0.81368775	13.881319	73.68709	995.7746	1.4820278	0
737980	9.515685	1	15.918722	78.345472	992.40744	1.3437431	0
737981	21.037522	0.69520052	20.412389	72.537806	990.57509	2.5650208	0
737982	10.921865	0.99623779	18.232236	77.899931	988.85554	2.2051042	0
737983	16.582428	0.85063586	16.563785	67.087118	997.33428	2.5851458	0
737984	24.049466	0.60022999	15.360021	66.322924	1000.2058	2.9640417	0
737985	21.814415	0.67920398	16.374174	67.196646	996.81432	2.7022222	0
737986	16.465963	0.84727083	18.075639	65.976313	990.35524	1.4784444	0
737987	9.2474625	1	16.07969	88.039965	989.52454	0.70555556	8.49
737988	4.1253552	1	14.98716	94.21825	992.77049	0.1494375	2.52
737989	11.547731	0.97337672	17.453403	84.494938	994.84353	0.90129861	0.08
737990	17.702962	0.79582406	18.388097	75.724764	994.51416	1.9402153	0
737991	15.200632	0.87136694	17.834889	77.446847	991.93769	1.1958472	0
737992	15.825515	0.84921168	18.955403	75.378396	991.8205	2.7586597	0
737993	20.890933	0.68689463	18.789618	63.002938	996.06557	3.9602639	0
737994	22.512206	0.62364912	17.860597	63.228361	995.5826	3.4333125	0
737995	21.281297	0.66451147	18.566986	65.000646	991.53535	3.3374167	0
737996	14.88674	0.87353917	19.323833	67.145583	988.19536	1.9747847	0
737997	14.186836	0.8891397	19.248465	73.824194	988.80627	1.7566042	0
737998	15.081281	0.85623646	18.097549	86.77916	988.51096	1.5783889	9.46
737999	21.175993	0.63802223	19.536722	75.880264	989.92555	2.4328056	0
738000	14.568544	0.86931799	19.92866	74.660958	988.50828	2.5641319	0
738001	22.390253	0.58977968	16.959514	68.809243	994.55248	2.3708542	0
738002	21.818944	0.60784116	18.440979	65.041833	994.54953	2.1941875	0
738003	21.421037	0.61286496	20.590569	63.093111	992.01378	2.2967917	0
738004	10.063543	0.98893515	20.554818	79.050137	989.88484	1.4888264	0
738005	10.192128	0.98529951	20.230611	76.527049	989.23664	1.820625	0
738006	8.0500926	1	16.887222	80.185438	987.74192	2.2444236	41.51
738007	12.634725	0.91461482	16.116115	85.435696	990.74767	1.4541059	1.06
738008	20.299071	0.64271909	16.328854	76.507583	993.5262	2.0465486	0
738009	19.851751	0.64789882	18.120896	77.675896	994.89578	2.3273611	0
738010	19.193591	0.65841661	20.924514	76.826076	994.9555	2.1599792	0.49
738011	18.940428	0.65873433	22.378993	74.952514	994.7134	1.9207639	0
738012	18.589175	0.67100404	22.702153	71.825722	992.35958	2.0115694	0
738013	14.849273	0.81198949	22.85259	74.39984	989.65908	1.4130278	0
738014	17.055668	0.71975474	22.939965	76.588799	990.27436	1.7559306	0.08
738015	16.659286	0.73003169	23.035417	77.482493	989.94467	2.0266181	0
738016	5.9508984	1	20.379368	87.189132	989.07202	0.621625	0.08
738017	15.739156	0.76245962	21.379347	80.865007	989.69983	1.9642292	0
738018	12.252253	0.88890129	20.284438	84.189326	989.65459	0.84186111	0
738019	16.624176	0.71788429	21.256556	79.406125	986.30848	1.9591944	0
738020	13.754958	0.83065387	19.555514	83.841819	986.55953	1.3102847	12.71
738021	15.469585	0.76575863	17.694118	84.998938	987.69918	1.5440486	7.93
738022	14.001595	0.81667966	17.938438	86.920132	986.47775	0.90804167	0.08
738023	17.804571	0.63764509	21.180611	80.855764	985.31362	1.6676111	0.08
738024	13.48447	0.82124442	22.47325	74.677319	986.99919	2.5809722	0
738025	14.068565	0.79770359	19.853694	81.854646	992.88885	1.6999792	14.39
738026	13.567511	0.82470187	16.413778	80.248083	993.58378	2.2226111	0
738027	13.059209	0.84364318	14.82625	80.460361	993.00381	1.5509514	0
738028	7.9340304	1	14.275368	84.79025	988.60247	0.94936806	0
738029	13.410247	0.81820127	18.259007	69.778347	988.4129	3.9173333	0
738030	11.967309	0.871656	15.048486	80.361812	991.5224	0.98391667	0
738031	8.5106412	0.98671326	15.39516	89.608132	981.09244	1.2223889	4.95
738032	8.8376088	0.97441399	15.298743	84.684243	981.41522	1.6005972	0
738033	4.030002	1	13.860708	90.171965	984.45718	0.64361111	0.74
738034	8.1417822	0.99203778	14.859014	89.308271	991.5778	1.3149514	3.75
738035	7.9903956	0.99468189	14.360056	91.475056	992.12377	0.6744375	0.24
738036	11.633388	0.85841591	13.999312	85.319771	993.23972	1.4243194	0.08
738037	9.9578977	0.91579124	14.414425	82.716687	996.52381	1.4321302	0
738038	11.727033	0.83154594	18.566562	78.343458	997.44746	1.0497917	0
738039	8.3181786	0.96650317	16.787143	83.574668	993.13469	1.2369306	0.08
738040	7.1277682	1	13.782762	82.240194	994.98745	0.70695139	0
738041	12.49806	0.79855072	11.575417	79.655694	998.62913	1.2040556	0
738042	14.25526	0.70427097	13.089507	76.827229	1001.6132	1.0500833	1.15
738043	14.423257	0.67900081	15.579799	76.009083	998.01282	1.3627361	0.08
738044	4.8637104	1	16.074319	86.462604	995.5483	1.5486111	0
738045	13.191693	0.72038624	17.324558	78.859034	992.34317	1.6256042	0.9
738046	12.287878	0.76234796	16.326347	80.842694	994.74381	1.0245625	0
738047	12.804096	0.7267301	16.552506	80.910462	1000.3525	1.0589028	0
738048	12.343501	0.74090047	17.079577	82.06154	999.56068	1.558119	0
738049	12.232998	0.73298978	18.515722	82.363215	995.79246	1.3228542	0
738050	9.8348676	0.8484929	19.497458	81.148889	994.18433	2.1304861	0
738051	7.4763444	0.95893222	16.913687	79.130371	997.93877	3.8693423	0
738052	11.908552	0.74269148	16.093181	72.358208	997.20243	3.1628611	0
738053	11.845298	0.74123077	14.374097	75.287479	993.38472	2.0786389	0
738054	12.058416	0.72024616	14.189076	75.99341	990.64706	1.2120417	0
738055	11.172157	0.76182167	13.710292	80.19341	990.45699	1.3522986	1.5
738056	10.520527	0.78463457	15.598477	80.78141	986.69075	1.1385995	0
738057	8.0587614	0.90460136	15.943691	84.575788	983.27172	1.5285278	0.08
738058	4.9385562	1	14.028222	88.714236	980.99914	1.3245278	15.14
738059	4.6259856	1	10.690455	89.703028	975.808	2.366184	8.96
738060	2.2851012	1	8.5162338	93.605389	975.23122	0.98209491	6.85
738061	3.5754228	1	9.0770772	92.384314	977.66553	1.6595417	14.71
738062	8.3243292	0.87663653	8.4214792	87.581528	986.12749	1.1578542	0.66
738063	1.8131382	1	11.475392	93.574014	991.89389	0.092652778	0.16
738064	11.138596	0.67557508	13.069428	87.865999	990.62452	0.98461728	0
738065	4.248027	1	10.405989	94.652721	981.14315	1.2263594	5.34
738066	16.040139	0.99304236	12.412386	91.510273	968.73139	0.79548177	0
738067	5.6296031	0.98608471	10.132737	93.837877	967.10552	1.2561481	2.7786667
738068	7.4497464	0.88382685	10.675308	85.092066	972.78142	4.0016844	6.8213333
738069	3.2182242	1	8.9163681	95.819042	979.6256	0.94604167	11.39
738070	2.1619086	1	10.970569	95.137833	980.97188	2.9287361	24.1
738071	6.137493	0.93315589	11.254359	92.992202	988.44906	0.71328472	9.37
738072	2.2772376	1	11.945389	93.31409	994.97889	2.5575764	2.08
738073	2.8987908	1	13.729076	92.751188	994.22267	1.1391806	8.2
738074	7.2052104	0.8542363	8.4996944	91.777076	996.0154	0.56325694	0.16
738075	8.407047	0.7687379	5.8332569	90.303674	995.3865	1.0643958	0.56
738076	5.0817564	0.97607705	7.4998611	92.056285	994.90732	0.67940972	6.94
738077	7.3598676	0.82382643	6.8700556	92.792472	988.87511	1.3381667	0
738078	4.017207	1	5.6596667	92.396576	988.93811	0.938875	2.22
738079	1.4728542	1	7.7269583	96.031146	990.24942	0.58176389	7.78
738080	2.3238438	1	8.4755	95.756104	993.54077	0.70476389	2.14
738081	3.5613048	1	5.9842708	94.033597	994.4859	0.70544444	0
738082	4.14801	1	6.5291111	92.543382	997.45286	0.18056944	0
738083	4.5045144	0.97980534	7.0356458	90.754889	996.86386	0.34750694	0
738084	4.2828804	0.98961139	6.6088194	93.709882	989.94017	0.018111111	0
738085	3.9963228	0.99934102	10.491701	94.767014	985.17957	0.043534722	0.08
738086	3.638538	1	11.683431	95.48734	990.00097	0.034375	1.3
738087	0.9101802	1	13.152097	98.093701	988.76967	0.10846528	6.96
738088	3.725592	1	12.361979	89.456688	991.201	2.0530278	0.16
738089	4.7404266	0.92566825	10.675778	90.139972	983.39824	1.0274583	6
738090	1.987824	1	8.8716736	95.362431	981.04031	1.1283333	14.7
738091	2.9528976	1	7.7361528	91.282278	984.79007	1.6848958	0.16
738092	3.286587	1	10.416201	91.028917	987.08467	1.7614306	8.08
738093	1.8769134	1	10.81425	89.925021	993.30733	2.0987639	10.49
738094	1.6720086	1	11.971917	95.992847	998.04442	0.29079861	1.76
738095	5.1313506	0.85151907	10.18716	92.532368	997.06795	0.87263194	0
738096	0.7730154	1	12.964986	96.299465	991.91081	1.7587222	9.84
738097	4.4480226	0.88791588	18.164944	77.818694	990.45575	5.2035	0.08
738098	2.2494786	1	10.820896	86.359944	998.9846	0.96342361	0.24
738099	4.7707038	0.86588227	4.7784514	89.479264	1005.886	1.2742708	0
738100	4.6683078	0.87163361	2.6393542	88.244639	1011.0656	0.95864583	0
738101	4.4703582	0.8834963	2.4076319	89.200757	1006.5657	0.66163889	0.08
738102	4.0699578	0.91262678	3.8548958	91.713056	1000.8521	1.2439861	0
738103	3.761184	0.93213181	6.4959861	92.68591	999.05174	0.85522917	0.65
738104	3.9955164	0.89016696	8.2150139	93.540104	998.88338	0.91640972	0
738105	1.544766	1	5.1120764	97.016243	1001.3641	1.061	0.08
738106	1.7102748	1	6.8010347	95.957708	1000.1461	0.31691667	0
738107	1.3346994	1	8.0903472	95.969757	995.79853	0.35602778	0.9
738108	2.5874346	1	9.1970556	94.963799	995.07391	0.25311806	0.08
738109	3.798231	0.87926681	8.5383472	93.114729	994.01906	0.61924306	0
738110	3.6029406	0.89560424	8.7897292	91.016819	987.53775	0.99909722	12.18
738111	1.5737208	1	9.8905486	85.888264	992.76557	3.2706875	1.76
738112	2.8368948	0.97068031	8.8080764	90.0655	1002.2686	1.5453056	0.16
738113	3.2084232	0.93017327	4.1757014	94.34416	1000.317	0.2505625	0
738114	2.2791954	1	6.8956458	94.096299	998.79651	0.36435417	5.23
738115	2.338215	1	1.9924306	92.932833	1008.6335	0.23744444	0.25
738116	2.9998596	0.94487489	-0.64359028	93.837465	1008.0322	0.0031736111	0.08
738117	1.9977798	1	2.1143264	91.946319	1003.4178	0.12653472	0
738118	1.623534	1	6.1611181	93.491889	1003.3959	0.12909722	0.24
738119	1.106754	1	3.8259722	93.797153	999.5209	0.43846528	0
738120	2.4080598	0.99357309	3.0097847	94.360028	995.46881	1.4769375	0
738121	1.4686536	1	0.72415278	95.568118	997.00262	0.38885417	0
738122	1.7911014	1	1.152	95.919875	994.95031	0.32097222	0
738123	1.6259952	1	-0.42654861	95.11741	994.48526	0.55460417	0
738124	1.3551498	1	-0.17547917	85.691104	998.51599	1.9531736	0
738125	2.7813767	0.9365346	-2.6458867	90.519059	999.3151	0.58027083	0.08
738126	0.939996	1	0.63154861	95.423146	991.03038	0.45335417	9.44
738127	0.6668148	1	0.96489583	94.862201	990.82219	0.17947222	0.16
738128	1.6323282	1	1.1305556	91.808715	978.66617	0.6230625	1.12
738129	0.6189012	1	3.0124097	96.718778	964.89516	0.13936111	11.68
738130	1.3808112	1	2.9633889	95.107951	973.02188	0.21830556	4.56
738131	1.0908348	1	3.2414167	95.890646	973.98965	0.095569444	5.04
738132	1.6061728	1	2.9663954	93.418352	975.20479	0.44404588	0.64
738133	2.47456	0.94979102	1.2890625	92.087864	977.40404	0.34602083	0.08
738134	0.5295942	1	1.3503681	91.81534	984.08444	0.016597222	0
738135	0.7934664	1	0.92202778	87.362604	982.0901	0.45327083	0.25
738136	1.1926146	1	0.9131875	92.032972	973.48678	0.77811806	2.68
738137	0.6213594	1	4.9539306	97.555535	973.59517	0.0030416667	4.7
738138	1.542681	1	4.9598472	96.887111	986.23822	0.021652778	1.63
738139	1.9672464	1	2.8519583	94.598583	987.32833	0.16519444	0
738140	0.4255002	1	5.3529931	98.088819	987.96597	0.028493056	8.15
738141	1.1201334	1	6.6843819	98.304924	992.15096	0.36327083	0.8
738142	1.1722746	1	3.7547361	97.921924	996.51752	0.029284722	0.48
738143	1.8484446	1	1.7567917	98.007215	998.27508	0.182375	0.08
738144	1.147803	1	3.4658958	97.741368	993.61729	0.0045555556	0
738145	1.3407768	1	6.40575	98.416167	995.02169	0.12216667	7.04
738146	1.2242832	1	7.2152986	97.363194	995.07425	1.0542222	9.85
738147	0.5645004	1	11.956528	94.317069	991.66274	4.378625	13.52
738148	0.6988008	1	11.78475	95.700389	988.62606	0.95057639	29.98
738149	0.9831624	1	6.1109306	93.59959	985.55158	2.0413403	19.45
738150	2.0796012	0.9943653	1.2088056	92.887111	995.37108	0.49858333	1.52
738151	1.2682644	1	-0.039222222	90.654618	998.6591	0.38159722	0
738152	0.8477214	1	2.0659306	80.877632	972.7018	1.2325208	5.29
738153	0.7778034	1	3.0129514	95.441174	955.88108	1.0920486	15.6
738154	1.0131726	1	1.927875	93.785299	965.28859	1.1108958	13.95
738155	1.136733	1	2.6622014	93.348396	978.15222	0.68322917	1.44
738156	0.7462488	1	0.70559722	95.601285	979.49373	0.38777083	6.32
738157	1.4241276	1	1.0575833	95.829993	982.72399	0.10945139	1.2
738158	0.9730266	1	0.66682639	94.767181	986.9124	0.093805556	0
738159	0.929187	1	0.67495139	93.764993	985.74242	0.062229167	2.32
738160	1.5571918	1	1.0732918	94.090716	987.50227	0.45105976	0
738161	1.5422744	1	1.6853857	90.148637	987.27327	2.6221694	0.32
738162	0.582114	1	1.1973056	95.378618	987.57592	0.16370139	3.27
738163	1.6284924	1	0.98005247	93.066826	988.66755	0.40615278	0.08
738164	1.7335422	1	0.52836806	93.221833	990.07808	0.037631944	0.24
738165	1.6555014	1	-0.30951389	90.913354	996.02707	1.2214583	0.08
738166	2.7380058	0.94778055	-2.7362153	88.873188	998.07426	1.9713125	0.08
738167	2.8626162	0.93661416	-2.9591111	87.022424	996.58221	1.0382292	0
738168	0.5246106	1	0.86072917	92.08091	988.14676	4.1897153	19.45
738169	2.0218476	1	-0.31348611	95.271451	991.9501	0.271	0.64
738170	0.7738512	1	0.48802778	95.067535	991.98576	0.23336111	1.68
738171	3.1747554	0.91442396	-0.41753472	82.80891	997.5333	2.8369236	0.24
738172	2.094135	1	-1.4653125	85.554646	999.64947	1.7883611	0
738173	1.264944	1	-0.67595833	93.514688	993.84021	0	2.58
738174	1.4002278	1	1.158125	94.733576	999.50435	0.057736111	0.16
738175	1.1329986	1	1.90575	86.023167	991.43992	6.1446806	3.09
738176	2.732637	0.98359679	1.4257708	92.832917	981.24883	1.3303403	0.16
738177	0.9756966	1	5.8909931	90.937715	973.4753	2.5075069	7.08
738178	0.83427	1	5.8109444	90.155229	969.40418	4.3908125	10.83
738179	1.281081	1	2.9395972	93.108125	971.89672	1.1564792	3.43
738180	2.0695932	1	0.91110417	87.526799	974.1189	1.5028958	2.99
738181	1.951419	1	0.17598611	94.490333	979.19933	0.11794444	8.86
738182	2.081256	1	0.17776389	91.857403	992.9941	0.52063194	0.08
738183	0.891006	1	0.033798611	95.413722	990.67609	0.56905556	5.13
738184	0.8252058	1	4.4294514	98.183708	981.26884	0.56336806	17.52
738185	1.9165032	1	8.2069444	93.642847	975.28349	2.0979444	20.69
738186	1.2165978	1	5.3823264	94.571354	974.94732	1.1439583	15.04
738187	1.1090376	1	1.7984653	92.23191	974.79322	1.6441458	1.76
738188	1.6314963	1	5.0617618	97.120072	969.83628	0.0078472222	9.32
738189	1.3063494	1	7.5502917	97.221264	978.31606	0.72327083	17.63
738190	1.0449414	1	10.034764	91.325097	977.03079	3.7893333	25.74
738191	4.0002216	0.93818039	6.9178056	88.099201	988.70301	1.6303333	0.64
738192	1.2247938	1	6.3377361	97.493465	987.47803	0.31251389	11.44
738193	0.5830284	1	6.9251111	96.452514	980.59553	0.79645833	3.92
738194	1.8739932	1	5.2341181	94.479278	971.82999	0.97673611	4.4
738195	1.265517	1	-1.2640347	92.801396	971.97696	3.7605417	0.24
738196	1.5027378	1	-5.0829931	86.036097	978.187	4.312	0
738197	2.9818254	1	-7.7497986	82.614396	983.0789	5.7727986	0
738198	6.237861	0.81212258	-7.6184514	83.04641	1000.3113	2.2275625	1.92
738199	6.0123144	0.83991557	-5.908625	71.088208	1003.3399	5.5770694	1.2
738200	6.214443	0.83192767	-5.1209792	63.88875	1010.0199	4.5935417	0
738201	6.4802016	0.81605317	-3.5633472	71.280896	1011.274	2.0959167	0.24
738202	2.4725088	1	-1.8469722	80.373451	1004.5829	0.91829861	0
738203	4.4502642	0.97168509	3.337125	89.817764	994.85213	0.92865278	3.52
738204	4.580403	0.96501055	6.2566181	89.347361	994.77408	1.8408194	0.08
738205	3.9421776	1	2.95725	91.359958	990.23952	1.8310556	1.76
738206	4.4953686	0.9819131	4.8392569	91.783778	993.46735	1.4284931	0.08
738207	6.4204992	0.85543466	4.9032431	90.978993	992.47394	2.6649028	0
738208	6.8173998	0.83528718	4.6618333	88.145042	992.12657	2.5857431	0
738209	6.476727	0.86667541	5.2259861	88.033354	997.27951	2.3774653	0
738210	6.6070812	0.85981087	8.7693125	85.13166	1007.5249	2.1367361	0
738211	6.7644102	0.85614029	8.7389861	85.672215	1007.207	2.8419444	0
738212	7.3200426	0.82955983	7.6294792	78.141611	1003.6043	3.4125556	0
738213	2.4717066	1	4.9390069	90.483486	1005.9676	3.363375	1.65
738214	8.4471408	0.77350619	3.0585486	82.414403	1011.0879	4.7492917	0.16
738215	8.0975766	0.8079199	2.429875	81.641514	1008.9012	2.9841389	0
738216	7.9581396	0.82524656	3.1482222	77.728306	1005.917	2.9584792	0
738217	8.2862946	0.80982232	3.5643681	82.860681	1005.8677	2.6885417	0
738218	6.1350828	0.94389864	6.2695278	78.353174	1003.533	1.9934028	0
738219	5.2582567	0.99418825	7.260895	82.613182	995.02315	1.5352891	5.26
738220	3.4728544	1	3.5419419	79.206056	999.33629	4.9762816	0.32
738221	9.4761822	0.77467813	0.75604167	65.415292	1004.8125	5.0875417	0
738222	9.0162654	0.81876774	0.053645833	74.543222	997.79122	3.5923611	0
738223	8.8067322	0.83775935	0.40361806	76.639368	995.94489	3.3790833	0
738224	5.9269596	0.9902738	2.4902708	77.97091	993.58625	1.6269028	0
738225	4.56672	1	4.7498472	80.731389	993.30889	1.9778889	0
738226	1.9222038	1	8.7243333	81.365583	981.9861	7.2179306	10.6
738227	7.7630898	0.91177652	6.9890625	74.265562	986.06978	6.6236042	5.57
738228	2.278203	1	6.0445347	84.230785	979.42759	7.9634236	16.88
738229	2.5151592	1	2.6186181	92.612111	986.4457	0.95479861	11.2
738230	6.9351366	0.96651943	3.6141806	87.822986	988.72068	3.2693333	4.08
738231	6.14142	1	4.1907639	83.890312	997.09946	1.3925972	0.24
738232	7.0360866	0.97031666	3.8157778	86.389674	997.60464	2.2903056	1.52
738233	6.543585	0.99763146	2.0414792	77.317361	996.99135	1.9151528	1.23
738234	6.6991392	0.99407476	1.4546806	86.022056	994.78965	3.2530278	2.77
738235	11.968412	0.75793611	1.2482153	69.918847	1000.9468	2.5181528	0
738236	4.2425046	1	3.5879375	76.388576	996.41814	2.7126458	0
738237	2.8016082	1	3.8336597	80.786674	998.09011	1.8649861	0
738238	5.4478696	1	4.6191424	80.172647	1000.7279	2.2298455	0
738239	12.583853	0.74934786	4.6001319	81.018826	998.94936	2.2114028	0
738240	10.272429	0.86443791	6.8460347	76.663708	996.03508	2.8295	0
738241	11.614297	0.80772118	7.8492083	75.470979	994.28428	3.1215417	0
738242	9.455889	0.90951367	6.5768889	78.113569	998.65624	3.2979931	1.94
738243	13.989017	0.70610294	7.7166566	71.891362	1004.7447	3.2836759	0
738244	13.839141	0.72020701	9.6830208	66.709931	1006.4422	3.1649444	0
738245	14.73853	0.68241928	9.9176944	64.110403	1005.5897	5.0462014	0
738246	14.406957	0.70188134	11.983938	66.254625	998.56355	4.0337986	0
738247	11.679901	0.83439641	14.030819	62.551021	994.05171	4.6093958	0
738248	15.594429	0.66454656	8.6596806	66.992403	995.79209	6.3222361	0
738249	11.431454	0.86604772	5.5882708	65.298354	998.68451	3.9754514	0
738250	13.893697	0.76690997	5.1068542	71.278229	996.93251	3.6786667	0
738251	2.8936074	1	2.4438542	86.378257	986.70988	3.4982431	5.23
738252	11.661339	0.87313968	0.556875	78.879528	988.28299	2.96525	0.24
738253	6.08613	1	1.4786042	76.698312	992.99442	2.2656111	0.08
738254	13.398251	0.81971757	2.593	70.840472	998.66558	3.3535556	0
738255	13.851371	0.8030919	6.8787639	65.212132	991.39954	4.1328056	0
738256	6.1313868	1	10.450799	68.981938	987.73042	4.7351181	0
738257	3.5297538	1	8.7260764	83.126278	985.84997	3.9233333	10.24
738258	9.8563236	0.95979961	4.0269306	77.780726	999.86829	2.8825799	4.39
738259	13.028861	0.85721275	2.9449236	70.449708	1004.6812	4.6895486	0
738260	7.8722346	1	2.2698194	70.717201	1003.005	3.9437847	0
738261	6.6733806	1	2.4674931	70.242097	1001.4423	4.8304097	0
738262	5.1566802	1	3.0253125	74.52266	999.67597	3.8563681	0
738263	13.478688	0.85488749	6.8285625	64.084257	996.89209	4.6527847	0
738264	6.9992358	1	7.3524653	74.588014	995.28228	2.6997778	0
738265	4.540737	1	7.5149861	86.764958	993.74561	2.0328889	0.32
738266	17.678539	0.70286612	7.3742917	79.103049	991.76047	3.5486806	0
738267	11.022182	0.94377294	9.3825556	72.73091	990.73053	3.1176597	0
738268	18.862387	0.66893501	8.7006875	62.936299	996.6396	3.2812986	0.08
738269	19.810583	0.63678101	7.6360556	61.201688	1000.773	3.5644097	0
738270	18.711405	0.68762184	9.2802917	59.852146	998.01149	4.3388333	0
738271	20.227069	0.63197464	8.8480833	55.634972	996.97736	4.0358958	0
738272	20.504858	0.62847527	7.7541806	55.649951	991.76914	2.1720764	0
738273	20.467993	0.63647607	8.0670833	54.383833	983.87622	2.8976042	0
738274	15.897875	0.80767397	10.088896	66.819222	979.39846	2.5185278	3.27
738275	13.658243	0.87952818	11.176951	77.720035	981.53326	2.6278472	2.05
738276	5.2222746	1	5.2286528	79.876931	987.88082	2.6836528	0
738277	8.0203344	1	7.2420764	78.413611	987.41058	2.2076389	0
738278	13.594305	0.89692807	8.6073403	64.243049	991.43869	2.7856597	0
738279	11.975008	0.94761839	6.7683472	66.728063	995.31606	1.9632847	0
738280	8.6595846	1	7.2188056	81.601118	983.05561	5.7437917	8.4
738281	15.083881	0.85604267	7.4878819	81.356194	983.37753	2.7808681	3.86
738282	3.647799	1	6.1085972	92.508993	983.31481	0.72757639	10.33
738283	17.008088	0.80098328	7.5590556	77.980597	988.88978	2.279375	2.41
738284	12.856008	0.92985839	7.9877083	74.43175	991.77031	2.8711042	0
738285	19.177929	0.71522489	15.609014	72.440479	983.46031	2.6746042	0
738286	4.3991094	1	13.835562	88.615507	983.58612	1.2839236	11.57
738287	3.0620748	1	12.421806	95.731938	984.05161	0.011944444	9.1
738288	11.851782	0.95727871	12.258056	83.289729	986.78338	1.3563819	0.08
738289	12.469963	0.94453503	9.8742361	85.404708	983.69372	1.5798333	1.13
738290	11.514433	0.97406789	9.2313125	88.175188	984.21626	1.3032917	8.09
738291	6.3653736	1	9.7338681	90.368208	982.49549	1.4422431	4.03
738292	13.605334	0.91818469	11.857576	83.552354	979.64115	3.3304583	6.34
738293	10.168535	1	10.572319	90.321833	982.44193	2.5368611	18.9
738294	15.594481	0.86549383	10.408493	90.304042	989.23081	1.9298889	6.93
738295	15.797033	0.86497171	9.9336181	81.642007	992.87365	2.1479444	0.4
738296	12.033252	0.9680617	10.887819	80.535618	995.36991	2.2544306	0
738297	11.333579	0.9867988	11.942681	76.196417	985.15993	5.8244583	0.08
738298	15.01748	0.89155002	11.888444	73.060646	984.51351	5.3760347	10.53
738299	14.090676	0.91772275	10.409194	82.619181	991.13247	2.4941667	1.32
738300	15.173497	0.89003144	10.501535	80.307014	988.24833	2.0975347	2.61
738301	13.623754	0.93396806	10.097354	78.584382	991.81924	6.3538681	7.67
738302	5.6100966	1	9.1930972	94.447812	990.14407	1.9619514	15.26
738303	11.538191	0.98616689	11.174062	85.801611	993.92533	1.3678472	0.16
738304	11.719415	0.98298525	11.839646	79.77609	997.3412	1.9869861	0
738305	20.17854	0.74739844	12.914465	70.914556	998.37413	2.5939653	0
738306	22.202489	0.68092902	13.106396	69.364542	999.66748	3.1258958	0
738307	24.669713	0.59029392	13.667118	65.571583	996.21596	3.9005278	0
738308	24.795236	0.58273526	14.770792	66.152729	991.99954	2.9844444	0
738309	23.290627	0.6337229	16.637326	70.120556	990.96018	2.5283264	0
738310	15.798551	0.8659513	18.385104	84.401785	995.36101	1.1955208	3.91
738311	17.809837	0.80293524	19.354835	85.551034	995.48738	1.6855372	10.51
738312	8.546298	1	17.095965	94.521889	995.4223	0.29915972	24.78
738313	7.1220972	1	16.616271	88.654438	996.67728	2.4281736	0.16
738314	5.3073282	1	16.470222	88.26584	996.43683	2.6269028	0
738315	12.338431	0.96210662	18.202132	88.478729	996.30615	1.2492014	2.11
738316	15.197445	0.88540172	18.642271	86.899556	995.96086	0.70097222	0
738317	17.041592	0.83478195	17.903424	87.215049	995.56081	1.3652986	2.78
738318	17.138037	0.83295294	18.288639	84.353979	994.40422	1.9632639	0.49
738319	18.281876	0.79888983	19.158285	80.024146	995.26167	1.97925	0
738320	24.894838	0.58336919	16.191188	74.091806	1000.5386	2.5809375	0
738321	24.678233	0.59283957	16.848653	71.232181	996.61997	1.4635208	0
738322	19.487692	0.76654404	18.301497	78.344776	993.50126	1.2486915	0
738323	23.165686	0.62841296	21.052576	75.233	989.85413	2.1949931	0
738324	21.375434	0.68643066	22.408157	77.491789	988.09075	1.9821131	0
738325	17.80103	0.80228177	22.752768	80.70092	988.80234	1.5450335	10.22
738326	20.975292	0.6939986	22.210847	85.177292	988.98337	1.8206806	0.16
738327	16.189439	0.85265651	21.875715	83.180174	984.83212	2.1757708	15.63
738328	20.249929	0.73403827	19.594938	83.037986	983.65274	1.8753681	16.4
738329	7.2906312	1	16.409576	93.056917	988.25894	1.3180556	5.76
738330	12.267924	0.96643946	18.352188	87.558368	992.42894	1.1885486	0.24
738331	9.6232044	1	17.303035	91.153764	992.77563	1.7463611	35.16
738332	9.8680248	1	16.66209	90.030826	994.04674	0.69335417	6.88
738333	22.364421	0.66987091	17.11434	82.297174	993.53311	2.170375	0
738334	15.454755	0.87930754	19.037667	86.007736	990.41386	1.7656042	0.16
738335	17.904875	0.80294178	20.461785	84.305764	989.79422	1.8073819	0
738336	10.56799	1	17.275333	91.639694	988.19445	1.1850486	40.73
738337	9.592758	1	15.145306	90.58025	988.46972	2.4441806	7.94
738338	7.1752932	1	14.517583	91.291021	991.5819	0.3861875	0.72
738339	16.676644	0.85056649	16.078979	84.050917	993.30006	0.98407639	0.57
738340	18.925362	0.77720438	17.929049	82.796431	991.10288	0.96143056	0
738341	8.7668652	1	17.036528	92.241312	987.14465	0.58959722	2.74
738342	9.3107106	1	16.670431	92.433125	986.37681	1.4667014	0.08
738343	5.089113	1	15.874056	96.132646	986.05673	0.78953472	0.96
738344	18.916481	0.77453382	17.19121	84.650538	992.06807	1.4148611	0
738345	5.399343	1	15.730993	94.758542	994.84422	0.63180556	1.04
738346	11.31513	0.98609346	16.461597	92.688736	996.08364	0.77976389	0.24
738347	21.392029	0.68434603	17.766757	83.127479	992.50023	1.5912986	0.64
738348	14.784817	0.89184785	17.429306	87.013799	991.84682	0.7696875	0
738349	10.698793	0.99874732	17.687528	88.82634	986.50052	0.42686111	0.64
738350	3.7563102	1	16.416979	96.139375	984.99328	1.2716667	5.36
738351	3.4817454	1	15.338868	92.598472	986.32221	2.2343125	0
738352	12.535169	0.94798086	17.806535	89.001986	987.94366	0.68182639	0
738353	13.163386	0.92962949	18.241493	87.025243	994.11076	2.4286458	0
738354	11.796001	0.96511657	18.305681	87.935806	997.32083	1.0964375	0
738355	22.363459	0.62134683	19.501556	79.979007	996.1084	2.384875	0
738356	20.995579	0.67263548	19.517424	80.167424	994.35108	2.4609028	0
738357	22.021855	0.6407604	17.172194	79.95325	994.81126	1.9930139	0
738358	22.130579	0.6361119	16.79084	78.572208	996.89136	1.3620486	0.66
738359	19.65485	0.72283884	17.701174	78.783403	995.77959	1.3858611	0
738360	21.418976	0.65071284	18.280819	78.69884	991.18807	1.1304583	0
738361	12.978476	0.92287056	19.16391	84.75841	985.52334	1.4080347	0
738362	14.993005	0.86129522	18.905403	85.965715	985.495	1.1330556	0.08
738363	15.234316	0.85286709	18.291979	87.159479	987.57517	1.3690625	0.24
738364	9.2772612	1	18.021354	88.284042	989.23128	0.74723611	0.16
738365	13.765062	0.89475385	17.359542	90.094146	989.16249	1.8711597	0.32
738366	16.631041	0.80881028	16.396021	82.758076	989.8761	2.4433542	0.49
738367	18.246171	0.74340784	17.278903	82.439361	986.57449	1.8967708	0
738368	14.677192	0.86368805	16.341701	82.054486	986.70409	2.0164722	0
738369	14.397249	0.86875339	16.496208	84.270417	986.07841	1.2848333	0.08
738370	14.258065	0.871993	15.702382	85.928451	990.03722	1.7794583	0.48
738371	9.5396196	1	14.466007	91.227243	989.35661	1.4923542	5.48
738372	11.22392	0.95718051	16.42309	87.222472	988.69566	0.77413889	2.87
738373	14.302663	0.860748	16.777028	85.548569	985.57207	1.7625278	0.49
738374	8.8438914	1	16.422181	89.976986	982.90472	1.482625	1.97
738375	6.5796384	1	16.064465	88.538389	981.87886	1.7663403	0
738376	13.131066	0.89394461	15.063528	86.918306	988.4402	2.6593472	2.3
738377	10.976287	0.95748119	15.064139	86.722062	993.80996	1.3477986	0.08
738378	13.710254	0.86569232	17.137377	85.158313	993.64884	1.1240139	0.41
738379	13.578169	0.86256975	18.518793	86.825008	994.59582	0.45015972	0
738380	16.486567	0.75302763	19.017576	84.516354	994.97117	0.68850694	0
738381	17.360947	0.70259044	20.634646	87.485188	996.50375	0.92184722	24.1
738382	17.349238	0.70488846	19.76475	84.734958	995.93118	0.62547222	0
738383	15.01024	0.79298446	19.93059	85.650549	990.3744	1.0021181	0.08
738384	12.648256	0.88285112	17.122465	85.92809	989.39495	1.6243889	5.78
738385	9.139641	0.99855384	12.495028	89.779	995.20306	1.2765417	1.61
738386	8.1941082	1	15.688528	91.953951	992.98158	0.95675	2.18
738387	7.4276898	1	17.016007	91.503264	991.61367	0.50535417	2.42
738388	13.717247	0.82829978	17.631764	87.101708	992.64506	0.58326389	0
738389	15.840453	0.73936558	17.58209	87.210903	992.9571	1.0018681	0
738390	3.7479936	1	16.606812	95.772361	993.06833	0.45899306	16
738391	8.5787064	0.99730114	15.854847	93.657764	996.24278	0.72154861	1.72
738392	13.876991	0.81424353	14.579944	87.20934	999.2097	1.9178056	0.16
738393	16.777005	0.6896293	14.30509	84.034785	995.92288	1.8652778	0
738394	9.121449	0.97773646	13.41975	88.223	989.8889	1.3031042	0.16
738395	9.562992	0.9607796	13.086104	88.73641	991.51367	1.3258958	0.89
738396	5.2384662	1	12.618757	95.276931	992.81945	0.039131944	2.56
738397	3.7922484	1	13.851236	92.714972	992.25417	1.1678889	0.64
738398	7.2703914	1	15.113375	93.166861	992.50556	1.1382639	6.35
738399	7.485366	1	14.023139	91.835104	997.55435	0.980875	0.24
738400	10.463315	0.91104178	13.719264	89.808289	1000.9258	2.2885995	0.08
738401	15.878029	0.67373915	14.276181	85.318826	999.68662	2.3220417	0
738402	15.572515	0.68001443	14.398014	86.242806	995.17404	1.2509653	0
738403	15.11483	0.68599833	14.973979	85.426465	992.3767	0.95138194	0
738404	14.985138	0.67968332	16.368819	84.761646	994.72553	1.3397083	0
738405	14.820866	0.68087627	16.396299	83.968722	998.01379	1.035375	0
738406	12.866328	0.77105576	16.353826	85.486688	997.86925	1.1000972	0
738407	13.895874	0.71563505	15.980535	83.908042	992.10047	1.1164236	0
738408	8.606244	0.94240047	17.185312	89.028465	988.53579	1.4460972	0
738409	8.3301768	0.94822241	18.028806	88.591688	990.60412	1.0836736	0
738410	7.0829994	0.99439886	17.653201	90.768056	993.26799	0.62946528	0.9
738411	11.273029	0.81981324	14.607979	87.782931	993.76812	0.64625694	0
738412	12.495378	0.75144327	15.301243	86.679201	992.72822	1.0017708	0
738413	9.2907065	0.89290925	16.722292	90.343458	990.23005	0.56231597	0
738414	3.4623816	1	17.70666	94.440722	988.55963	0.78952083	21.02
738415	6.4471824	1	16.587028	89.328319	991.46178	1.1589653	0.32
738416	7.0001952	0.98496178	13.358674	91.112688	992.07594	0.32025694	0
738417	11.936746	0.74983877	12.717424	89.080736	991.22924	0.92657639	0
738418	9.97182	0.84314274	12.927562	90.481507	989.49154	1.0488611	0
738419	3.0791838	1	12.821604	94.396104	994.06235	0.14150694	3.86
738420	11.404657	0.75911817	11.781118	86.040736	1002.2337	1.0613819	0.16
738421	10.57189	0.80054675	10.063743	87.914	1003.301	0.89620139	0
738422	11.325345	0.7471728	11.363431	89.101069	996.24105	0.9119375	0
738423	9.4109004	0.84171488	12.370361	90.608312	993.91934	0.83947222	0
738424	10.694345	0.76052199	13.445576	89.765882	992.41214	0.78850694	0
738425	3.6200898	1	14.990889	96.95275	992.40043	0.003375	4.76
738426	6.7782306	0.95137599	15.381785	92.444882	993.20878	1.0446528	2.61
738427	10.046409	0.77839171	11.98234	90.251785	997.89412	1.2362292	0.16
738428	4.2703932	1	10.201083	95.201944	995.68486	0.66697222	5.79
738429	7.7975844	0.89882254	7.3452778	92.326049	1002.4434	0.56036806	0.25
738430	9.1660326	0.81513303	8.4365139	90.863056	995.45484	0.67341667	0
738431	8.485962	0.83880447	12.375806	89.830139	988.08778	1.0522083	0
738432	1.723638	1	14.200188	96.163125	982.07263	0.012770833	8.21
738433	3.5660418	1	12.004868	96.308118	992.82349	0.051729167	5.64
738434	6.0178914	0.95809817	12.15709	94.211931	986.76497	1.0527292	11.55
738435	4.0268904	1	10.803583	90.864681	993.54972	1.9474583	1.04
738436	3.9576517	1	9.9921161	94.421063	1001.3179	0.26823611	1.78
738437	6.6532848	0.90595943	9.6932986	91.252222	1002.644	2.6704583	0
738438	8.0704734	0.81187454	8.9115625	89.301792	1001.6729	2.8155486	0
738439	8.1215142	0.8054791	6.2873264	90.312243	1001.5199	0.73881944	0
738440	3.5944428	1	6.3737569	93.442958	1000.8497	0.24420833	1.63
738441	2.7450744	1	8.3906458	93.76425	996.10819	0.28322917	1.6
738442	6.2180982	0.90767376	6.4527847	93.796944	999.6094	0.69984028	2.03
738443	5.4493452	0.94950866	6.8732917	93.580583	1000.821	0.42328472	0.08
738444	5.1163272	0.96469228	7.1712083	93.019882	994.54285	0.47270139	0.16
738445	8.3603718	0.72567107	8.0027292	92.389632	995.95581	1.6860069	0.32
738446	2.6104722	1	6.9808472	93.901681	995.9839	0.56609028	0
738447	4.385361	0.99721791	5.9022083	94.107903	999.34857	1.1355417	6.23
738448	3.5494044	1	9.0054306	96.163924	997.48738	0.61785417	2.78
738449	2.652417	1	12.521792	92.875569	987.60917	2.4912639	7.44
738450	4.657596	0.95986892	11.78166	83.760424	982.40394	5.5210347	18.2
738451	5.7117696	0.88553333	5.5380556	91.969361	995.14912	0.42397222	0
738452	5.1887238	0.9159482	6.6208889	92.003771	1002.2346	0.51736111	0
738453	6.0487392	0.84790221	3.2243958	92.136993	1000.2147	1.1878542	0
738454	5.6011224	0.87319928	5.0005625	93.467708	996.10258	0.410375	0
738455	3.363894	1	9.1348889	94.521146	998.24362	0.29853472	0
738456	4.7380326	0.92434142	7.2730417	94.269264	1000.2549	0.30492361	0
738457	3.107658	1	5.4336736	96.042403	994.86887	0.55552778	0
738458	5.2593306	0.8713974	5.4084375	95.217896	988.5214	1.4435694	0
738459	1.1657934	1	4.9838403	96.813028	983.46106	0.74938889	3.84
738460	3.4550262	0.99838137	10.673049	96.57475	981.61829	0.57009028	0.48
738461	2.533701	1	9.3653611	93.134069	978.79732	1.1385417	7.36
738462	2.060829	1	6.5949846	95.003723	977.51053	0.64267438	6.96
738463	1.4255886	1	6.7702292	96.439812	975.48416	0.13698611	11.05
738464	1.6094994	1	6.1345417	95.142958	981.95977	0.023138889	1.28
738465	3.3791238	0.98718787	6.5928958	94.028215	997.08776	0.24690972	0.57
738466	5.6585316	0.76672205	3.8839097	94.334021	1003.4537	1.3724514	0
738467	1.4381136	1	5.159125	94.718458	995.93817	1.6106736	2.41
738468	4.2550602	0.89364739	4.2790556	94.560021	998.04436	0.45702083	0.16
738469	4.1247876	0.90306534	2.3083542	90.725556	1000.9243	1.4755833	0
738470	3.1576686	0.98125941	1.6765556	92.859743	999.27215	0.78333333	0
738471	3.3662478	0.95715894	0.94879861	95.490611	998.84813	1.6616806	0
738472	1.3326804	1	1.4217431	94.447424	994.73997	0.696125	0
738473	0.8121354	1	4.1444375	96.636056	990.43574	0.13109722	2.72
738474	1.7738256	1	8.1700486	94.704785	993.74649	1.5782222	7.85
738475	0.4290066	1	7.2080833	88.961444	997.19687	1.2018333	0
738476	0.5261706	1	6.1246883	93.020091	996.32125	0.2195	0
738477	1.495857	1	5.6584792	91.851903	998.16093	0.44033333	0.08
738478	1.7836836	1	5.3314514	92.392132	1004.9109	0.33521528	0
738479	0.9957882	1	6.8374792	93.385764	1006.0473	0.20114583	0
738480	3.959715	0.83055572	6.5368194	91.807833	999.68085	2.4515972	0
738481	1.0765506	1	4.6546944	91.494146	988.61513	0.41736111	0
738482	2.1760068	1	5.0438542	87.205625	995.7946	3.6336667	1.55
738483	3.1572294	0.92263114	-0.40671528	87.75616	1002.8562	1.3216111	0
738484	2.2507344	1	1.1338333	89.212125	995.6402	1.4217778	0
738485	0.627189	1	0.76713889	85.614986	986.25501	1.0691042	0
738486	1.0970856	1	1.5440486	88.789951	975.64384	3.15225	2.04
738487	1.1060364	1	1.9494931	93.209688	966.82106	0.89022222	5.9
738488	1.076043	1	1.2177431	93.95059	972.18167	0.12702778	1.12
738489	1.8834054	1	0.58086806	93.377521	983.21201	0.11006944	2.56
738490	0.4260594	1	2.7957431	91.547243	988.15761	6.6483264	10.24
738491	0.4545414	1	5.8986528	92.584653	976.94561	6.4337361	14.64
738492	1.8537834	1	2.8713403	94.441347	977.83718	0.26290972	5.44
738493	1.2046974	1	-0.28459028	90.034917	987.02198	1.9801597	0.08
738494	0.5652084	1	2.5245278	94.919903	974.58007	0.55060417	20.58
738495	1.4491674	1	3.1915069	92.684819	979.49328	0.62123611	2.08
738496	1.65099	1	1.4045069	92.610139	987.75593	0.37935417	0.16
738497	1.9191612	1	1.8276944	94.431819	984.27335	0.65255556	6.96
738498	0.9008964	1	2.4562292	96.704056	975.79622	0.029923611	1.2
738499	0.8643006	1	1.9854167	93.485507	980.93316	0.72499306	1.52
738500	0.7991058	1	0.32111806	95.482403	971.68708	0.26401389	5.52
738501	1.8679578	1	2.3489306	93.87591	990.06282	0.083402778	0
738502	1.325001	1	2.8827986	92.313125	1001.1529	0.7675625	0.08
738503	1.8217181	1	5.9301835	93.852012	1002.9337	0.61311409	0
738504	2.0711076	0.99082897	6.4723958	92.693111	1003.0444	1.2479097	0
738505	1.262544	1	5.6602292	92.0275	1006.9535	0.54705556	0
738506	1.7395434	1	5.4561806	92.727597	1010.8504	0.55964583	0
738507	2.3956422	0.94472387	5.6872083	88.986562	1012.3092	1.4959097	0
738508	0.8283558	1	3.2604444	91.587965	1011.2129	1.7465347	0
738509	0.7959384	1	4.0393194	90.017104	1004.6025	0.55126389	0
738510	1.8960204	1	2.5733611	88.339618	1000.2925	1.0872569	0
738511	2.4976656	0.93801657	-2.7293472	89.393139	999.03272	0.8973125	0
738512	2.6471166	0.91861468	-4.7140833	90.502597	998.71847	1.1977014	0
738513	1.0923216	1	-1.1090694	92.445562	989.63017	0.284875	0
738514	0.2530926	1	6.0425139	95.995847	982.31001	0.32646528	3.84
738515	0.7007478	1	5.3926181	96.939049	980.09553	0.85477778	7.84
738516	0.6885228	1	2.7676319	95.628035	981.46077	0.53765278	11.44
738517	1.0823676	1	5.6403194	97.492417	977.43677	0.19069444	4.82
738518	0.6223896	1	8.0700972	95.902486	973.73813	1.5037361	24
738519	0.6793248	1	8.2765347	97.504069	983.88881	0.44463889	10.18
738520	0.88101	1	11.569688	98.961285	994.1956	0.071506944	3.36
738521	1.8567984	1	9.3594583	97.629722	998.05056	0.13553472	0.08
