"",0.300
202.4410,0.0000E+000
203.4410,2.1077E+001
204.4410,3.1147E+001
205.4410,1.2680E+001
206.4410,2.7746E+001
207.4410,1.9855E+001
208.4410,2.0726E+001
209.4410,1.0124E+001
210.4410,2.0298E+001
211.4410,0.0000E+000
212.4410,2.9149E+001
213.4410,5.6518E+001
214.4410,1.1079E+001
215.4410,1.7915E+000
216.4410,4.5591E+000
217.4410,1.7585E+001
218.4410,4.1399E+001
219.4410,1.9381E+001
220.4410,1.9742E+001
221.4410,0.0000E+000
222.4410,2.4508E+001
223.4410,0.0000E+000
224.4410,9.5316E+000
225.4410,0.0000E+000
226.4410,3.6112E+000
227.4410,1.2990E+001
228.4410,2.3198E+001
229.4410,-1.6320E+000
230.4410,1.0564E+000
231.4410,5.5469E-003
232.4410,1.1759E+001
233.4410,5.8429E+001
234.4410,-4.3975E+000
235.4410,2.1571E+001
236.4410,5.6591E+000
237.4410,0.0000E+000
238.4410,3.0600E+001
239.4410,9.2054E+000
240.4410,1.2327E+001
241.4410,1.9267E+000
242.4410,5.2339E-001
243.4410,4.3587E+000
244.4410,-1.5451E+000
245.4410,4.1455E+000
246.4410,1.9838E+001
247.4410,1.5649E+001
248.4410,3.6334E+000
249.4410,-8.1684E-001
250.4410,5.8197E+000
251.4410,1.6506E+001
252.4410,0.0000E+000
253.4410,1.6422E+001
254.4410,2.0377E+001
255.4410,0.0000E+000
256.4410,0.0000E+000
257.4410,0.0000E+000
258.4410,0.0000E+000
259.4410,0.0000E+000
260.4410,5.6033E+000
261.4410,8.9437E+000
262.4410,0.0000E+000
263.4410,0.0000E+000
264.4410,4.3856E+000
265.4410,0.0000E+000
266.4410,0.0000E+000
267.4410,-1.9621E+000
268.4410,-2.3231E+001
269.4410,-6.9176E+000
270.4410,-2.0146E+000
271.4410,-3.0812E+000
272.4410,2.8487E+000
273.4410,5.8495E+000
274.4410,-3.1274E+000
275.4410,0.0000E+000
276.4410,-8.6138E+000
277.4410,-8.7396E-001
278.4410,-4.3768E-001
279.4410,-4.4459E-001
280.4410,-3.5745E-002
281.4410,1.0963E+000
282.4410,9.4105E+000
283.4410,-3.2495E+000
284.4410,-4.0687E-001
285.4410,2.9800E+000
286.4410,-3.5555E+000
287.4410,4.6028E-001
288.4410,9.2737E-001
289.4410,4.9883E-001
290.4410,-3.2730E-001
291.4410,-8.0830E+000
292.4410,0.0000E+000
293.4410,-2.6448E+000
294.4410,0.0000E+000
295.4410,0.0000E+000
296.4410,0.0000E+000
297.4410,1.5964E+001
298.4410,0.0000E+000
299.4410,-5.1328E+000
300.4410,-1.7897E-001
301.4410,3.1864E+000
302.4410,6.6798E-002
303.4410,0.0000E+000
304.4410,1.7322E+000
305.4410,0.0000E+000
306.4410,6.8198E+001
307.4410,2.3978E+000
308.4410,-5.7566E+000
309.4410,-9.0715E-001
310.4410,4.5942E-003
311.4410,0.0000E+000
312.4410,0.0000E+000
313.4410,0.0000E+000
314.4410,1.1299E+001
315.4410,0.0000E+000
316.4410,1.3946E+001
317.4410,0.0000E+000
318.4410,0.0000E+000
319.4410,0.0000E+000
320.4410,4.5108E+001
321.4410,1.8407E+001
322.4410,-4.0935E+000
323.4410,5.5350E+000
324.4410,0.0000E+000
325.4410,0.0000E+000
326.4410,0.0000E+000
327.4410,0.0000E+000
328.4410,0.0000E+000
329.4410,4.7326E+000
330.4410,0.0000E+000
331.4410,0.0000E+000
332.4410,0.0000E+000
333.4410,1.7056E-001
334.4410,0.0000E+000
335.4410,0.0000E+000
336.4410,0.0000E+000
337.4410,8.7940E+000
338.4410,0.0000E+000
339.4410,0.0000E+000
340.4410,0.0000E+000
341.4410,6.9299E+000
342.4410,0.0000E+000
343.4410,0.0000E+000
344.4410,1.6922E+000
345.4410,0.0000E+000
346.4410,0.0000E+000
347.4410,0.0000E+000
348.4410,0.0000E+000
349.4410,0.0000E+000
350.4410,1.4653E+000
351.4410,0.0000E+000
352.4410,-6.6967E+000
353.4410,0.0000E+000
354.4410,0.0000E+000
355.4410,0.0000E+000
356.4410,2.3123E+001
357.4410,0.0000E+000
358.4410,-1.8502E+001
359.4410,-2.1819E+001
360.4410,-7.0738E+000
361.4410,-2.4265E+000
362.4410,2.2322E+000
363.4410,-1.5451E-001
364.4410,5.0725E+000
365.4410,-2.3190E-001
366.4410,0.0000E+000
367.4410,-2.7075E-002
368.4410,-1.0179E-001
369.4410,2.2840E-003
370.4410,2.8580E-001
371.4410,-7.8199E-001
372.4410,-5.9354E-001
373.4410,0.0000E+000
374.4410,2.9757E+000
375.4410,0.0000E+000
376.4410,0.0000E+000
377.4410,5.4679E+000
378.4410,0.0000E+000
379.4410,0.0000E+000
380.4410,0.0000E+000
381.4410,0.0000E+000
382.4410,0.0000E+000
383.4410,0.0000E+000
384.4410,7.6837E+001
385.4410,0.0000E+000
386.4410,1.7180E+001
387.4410,7.1504E-001
388.4410,7.2052E-001
389.4410,-1.8442E+000
390.4410,-2.0957E+000
391.4410,-9.9295E-001
392.4410,-7.3855E-001
393.4410,0.0000E+000
394.4410,2.4113E+001
395.4410,1.0169E+001
396.4410,-1.1831E+001
397.4410,0.0000E+000
398.4410,0.0000E+000
399.4410,1.9625E+001
400.4410,4.8962E+000
401.4410,-1.2999E-002
402.4410,1.0042E+000
403.4410,-2.0946E+000
404.4410,-4.4791E+001
405.4410,0.0000E+000
406.4410,0.0000E+000
407.4410,0.0000E+000
408.4410,0.0000E+000
409.4410,0.0000E+000
410.4410,0.0000E+000
411.4410,0.0000E+000
412.4410,0.0000E+000
413.4410,9.4043E+001
414.4410,0.0000E+000
415.4410,7.9702E+000
416.4410,0.0000E+000
417.4410,0.0000E+000
418.4410,8.5549E+001
419.4410,0.0000E+000
420.4410,4.7470E+001
421.4410,1.5752E+001
422.4410,1.9200E+001
423.4410,2.2593E+001
424.4410,1.4983E+001
425.4410,3.0165E+000
426.4410,0.0000E+000
427.4410,4.5409E+000
428.4410,6.6756E+000
429.4410,-1.9640E+001
430.4410,1.0218E+001
431.4410,1.1359E+001
432.4410,2.8329E+001
433.4410,3.1343E+001
434.4410,3.2505E+001
435.4410,3.1211E+001
436.4410,2.1162E+001
437.4410,3.4033E+001
438.4410,6.7951E+000
439.4410,5.6625E+000
440.4410,1.7886E+001
441.4410,0.0000E+000
442.4410,1.0987E+001
443.4410,-4.4606E+000
444.4410,1.0837E+000
445.4410,1.8748E+001
446.4410,1.0601E+001
447.4410,3.7935E+001
448.4410,8.2357E+001
449.4410,6.9433E+001
450.4410,6.0709E+001
451.4410,2.8400E+001
452.4410,4.6617E+001
453.4410,3.1834E+001
454.4410,0.0000E+000
455.4410,0.0000E+000
456.4410,3.1459E+001
457.4410,-1.4548E+001
458.4410,1.9781E+000
459.4410,2.6708E+001
460.4410,7.3267E+000
461.4410,-2.6535E+000
462.4410,-1.4992E+000
463.4410,7.3111E+000
464.4410,5.2020E+001
465.4410,1.1598E+001
466.4410,3.3879E+001
467.4410,-1.8288E+001
468.4410,1.4018E+001
469.4410,5.1295E+000
470.4410,2.0477E+001
471.4410,1.6513E+001
472.4410,4.9498E+001
473.4410,4.2698E+001
474.4410,9.0223E+000
475.4410,4.7462E+001
476.4410,7.4108E+001
477.4410,2.7542E+000
478.4410,5.7753E+001
479.4410,4.6642E+001
480.4410,5.7002E+001
481.4410,3.0404E+001
482.4410,2.6884E+001
483.4410,8.8250E+001
484.4410,5.3988E+000
485.4410,-1.1615E+000
486.4410,2.5340E+001
487.4410,1.7333E+001
488.4410,3.4620E+001
489.4410,3.6364E+001
490.4410,-2.4427E+000
491.4410,-3.2469E+000
492.4410,1.9765E+001
493.4410,4.6152E+001
494.4410,8.5476E+001
495.4410,1.3621E+001
496.4410,-3.1670E+000
497.4410,-4.4923E+000
498.4410,2.5733E+001
499.4410,2.9915E+001
500.4410,-5.5946E-003
501.4410,8.2651E+000
502.4410,-9.7193E+000
503.4410,-2.6108E+000
504.4410,4.2608E+000
505.4410,7.0829E+000
506.4410,2.7599E+001
507.4410,1.5648E+001
508.4410,2.7178E+000
509.4410,7.6210E+000
510.4410,-1.9531E+001
511.4410,-4.8185E+000
512.4410,7.5049E+000
513.4410,9.3724E-001
514.4410,4.4454E+001
515.4410,5.1712E+001
516.4410,4.6554E+001
517.4410,4.4840E+001
518.4410,6.5498E+001
519.4410,9.7293E+000
520.4410,6.7634E+000
521.4410,-2.9884E+000
522.4410,-1.8783E+001
523.4410,-2.4468E+000
524.4410,1.3412E+001
525.4410,0.0000E+000
526.4410,3.0420E+001
527.4410,2.5815E+001
528.4410,8.1869E-001
529.4410,1.1033E+001
530.4410,3.8226E+001
531.4410,5.3127E+000
532.4410,5.7949E+001
533.4410,2.8244E+001
534.4410,0.0000E+000
535.4410,0.0000E+000
536.4410,1.0075E-001
537.4410,1.2149E+000
